"","V1","V2","V3","V4","V5","V6","V7"
"1",0.393563732755836,0.663738776786253,0.63329310527537,0.663962147409562,0.715609085216187,0.541354700671975,0.166007691883948
"2",0.918267927088309,0.184650697699748,0.00856253836862743,0.865067472820636,0.455343087378889,0.698953822490759,0.475022549246438
"3",0.366776742004324,0.237367185396608,0.862980682850815,0.450005923816469,0.369030772773549,0.767744469172787,0.499271182250697
"4",0.351827107877005,0.607514345604461,0.204436103963759,0.89364758780878,0.287538972951472,0.542958877844736,0.605391604863107
"5",0.155912897085305,0.816925130028743,0.280095407826826,0.511943999866955,0.107632791947573,0.471919255309738,0.20989603253128
"6",0.811513243551366,0.427533942788374,0.602941061951686,0.18669044605922,0.719347780867014,0.222774081332609,0.656302516380791
"7",0.150238955468871,0.39994028962031,0.0644230182743631,0.659784474927001,0.706444736431353,0.086486749032978,0.502147904937156
"8",0.480887643541675,0.812899911087006,0.318931702294853,0.517996586328838,0.0438517926698551,0.724864002940711,0.693690736074001
"9",0.275612571701873,0.528613821473438,0.210917771228123,0.514866701005958,0.829045857785735,0.0578828575504012,0.428899576966651
"10",0.878221844269894,0.651504897785839,0.912432591362856,0.667120945394505,0.268119246185292,0.0237937330380082,0.523960026850458
"11",0.0313011206449009,0.776540388558991,0.837375004211906,0.550513306773733,0.0827899149316363,0.526038190295454,0.813925399356522
"12",0.911879844686016,0.349927860254887,0.720257097792346,0.848701740141492,0.425268320472445,0.391473024692852,0.0395484931720421
"13",0.176629802548327,0.247993384644389,0.60509167193016,0.244405667453073,0.939541506610345,0.490588391228113,0.770856505608652
"14",0.122475192425307,0.0609073168602772,0.406181630640756,0.0136212892215699,0.00929006607970223,0.410117994809523,0.492574691489339
"15",0.567586217798293,0.142335909763351,0.993757980948314,0.748735155278817,0.728434020518791,0.618778610264417,0.726077418681234
"16",0.852621157469694,0.908533132407814,0.436377045842819,0.763604198055342,0.564826107243542,0.343870549016166,0.593791185523383
"17",0.434909030450042,0.193854475718457,0.756319079142064,0.44359041759884,0.657271904657595,0.068849291484803,0.552540040562395
"18",0.211547777711414,0.0291203122143634,0.459025710922666,0.272182581241243,0.16163188947225,0.95389958585659,0.843264929135796
"19",0.394365739329252,0.220792110997718,0.943358482671902,0.260662231892813,0.430792755723931,0.137755905529018,0.388186747673899
"20",0.189166666082572,0.264634192648809,0.340073141328525,0.500494015239645,0.913620348600671,0.235754886361305,0.0123437735703774
"21",0.977756615642458,0.472135938360356,0.738956685489044,0.0619955318616703,0.463454006307293,0.641488056813832,0.0959657829301432
"22",0.927901156313252,0.206023897519801,0.540984093581326,0.599949197000824,0.442595780074596,0.118543571058661,0.559144989990629
"23",0.889392077512573,0.10741107804887,0.611084252976812,0.180658393985592,0.508008807109669,0.985947319358587,0.909972705808468
"24",0.0123819676777348,0.0826801966414787,0.0385717953564599,0.684329823633656,0.393808722714894,0.0409795811283402,0.464212586181704
"25",0.063756289833691,0.342360037839971,0.201492848315742,0.944694100111257,0.308292724980041,0.823790733516216,0.610819980809931
"26",0.642190461051185,0.0590312668303959,0.655388568718918,0.419759947886225,0.255418122782838,0.553768964476418,0.767918482007924
"27",0.337859664707445,0.428385231190827,0.684387251923792,0.397475929089356,0.854040071254596,0.758784496376291,0.821175743107684
"28",0.341268169408664,0.25858574330993,0.185589127342217,0.964102452688385,0.419430265669245,0.178163749692496,0.917324513546191
"29",0.548701316737104,0.231627714888193,0.0818502526744269,0.873891252181958,0.575504041942768,0.503870193281677,0.673055686819367
"30",0.318333550041541,0.72480180749204,0.887154118219856,0.415090653700754,0.832353884569835,0.547882603117731,0.0980355768562294
"31",0.734193823231384,0.852810791133903,0.693345521698706,0.786114052702673,0.594460977936629,0.177926362138707,0.230098281633109
"32",0.899420104262885,0.863918047692627,0.304868872029707,0.56011330417823,0.942702348188031,0.95807273598155,0.584114954312798
"33",0.903423421857413,0.17582913172897,0.924630047290586,0.636935754115228,0.151670633623842,0.933257897600532,0.623392988514621
"34",0.816449451924767,0.740366566195618,0.528884968338534,0.188495396193117,0.00401102014677599,0.858884357416537,0.643505906884093
"35",0.585003326145001,0.281873305635527,0.22647894061543,0.907376007727347,0.68044259841321,0.871833577399142,0.407121566652786
"36",0.0691782469023019,0.518760073623154,0.489927131938748,0.869101186516229,0.2475825332799,0.917379577357788,0.689518741277512
"37",0.184940768271685,0.937703179073986,0.0219435973735526,0.322172757796012,0.111811193309259,0.488715948977973,0.114247339732479
"38",0.800187576123048,0.586392664528917,0.347114774233196,0.554395441783126,0.239965030929539,0.506939508110285,0.951619065569248
"39",0.120923751368187,0.974676778149325,0.282564047945198,0.60838707744889,0.169325221357867,0.433179387116805,0.0264256622036919
"40",0.117487225092947,0.991827591383364,0.402409169636201,0.350727723569609,0.527427781461272,0.292541844433174,0.94540229239082
"41",0.605872561487369,0.435907828446012,0.00419469214137644,0.681906270447187,0.438198445337825,0.197804235047661,0.572857495619915
"42",0.90014365056064,0.191441078338306,0.731337893209886,0.108578918583225,0.955564977370203,0.236688743142877,0.752477126764134
"43",0.0921520302081481,0.339283289626706,0.629368925487623,0.311390791094862,0.0183138662953861,0.729063106977381,0.970322996014729
"44",0.966717481513042,0.88607113659475,0.781111933917738,0.15755610401649,0.0702894296417944,0.711631273771171,0.339002148861997
"45",0.0346459975033067,0.47581620378932,0.508780566587113,0.866073146932758,0.0731977546792477,0.323859300423413,0.65417610273743
"46",0.812328738639131,0.0984224402508698,0.922758993322495,0.523644460328855,0.683658543499187,0.481794818014372,0.902681800629478
"47",0.843656390145421,0.922422316996381,0.14556334163947,0.601731456621084,0.493093318402302,0.00678644041065127,0.833954149218276
"48",0.236892329658847,0.233708662132733,0.674829997348133,0.921012327023782,0.395283428409137,0.598333238882013,0.763274008113891
"49",0.864921196008567,0.323026411074214,0.606713339393027,0.241596457850654,0.0213099362603389,0.389088850004598,0.574563360767439
"50",0.488969493451528,0.391938968407456,0.0920349886836484,0.264183331225999,0.785655033779331,0.601768064809497,0.59953798933886
"51",0.683391661031172,0.608607137949672,0.10955486499751,0.282957924184389,0.316146129509434,0.561770783105399,0.982841910579707
"52",0.897889306036755,0.153793700785842,0.326806300774217,0.78472740848409,0.272777264613193,0.49455048221536,0.981736311138142
"53",0.0364142250157893,0.320024026096798,0.751768089603633,0.879503068196122,0.489628679911606,0.418792790682521,0.524560473090038
"54",0.583455954309087,0.0816330809430219,0.852944492395502,0.897221769290511,0.614851396123879,0.612199963497929,0.716946619452443
"55",0.484936030067038,0.183403142121155,0.631768063625321,0.64553321365593,0.945497341443785,0.82972287269542,0.380851202729158
"56",0.595613105425145,0.234689310010523,0.546949766178615,0.530572554301936,0.868164276903495,0.64666634965362,0.653787413733546
"57",0.0790162904243916,0.75240047226334,0.565977737083565,0.699423111093231,0.892203973515425,0.796186833469197,0.106956707633566
"58",0.97046404965641,0.808022449939512,0.538724119683262,0.121287551499903,0.304971941858064,0.165004873166792,0.292514440483879
"59",0.269409775466658,0.799372832252178,0.01197792497091,0.72101189510338,0.46505414963048,0.248859975610394,0.184176008372102
"60",0.724483550162055,0.620967698667664,0.179719539369922,0.0754435618016869,0.882925700336695,0.705164047447033,0.899874175155535
"61",0.673625775087159,0.123879616459366,0.869431511930656,0.383360898656771,0.623901195965707,0.834124973413069,0.913485559643712
"62",0.227585136575624,0.0447528986157849,0.498496106497478,0.393576118425466,0.173565422266256,0.238563224213198,0.0891052968422882
"63",0.828865118565969,0.906714138757903,0.598097533617634,0.954047674112488,0.414132420969196,0.0919141324725933,0.216889204764739
"64",0.099440480733756,0.904268608543556,0.124377764106262,0.707521101072431,0.149250921247527,0.477295556735713,0.38764061328955
"65",0.475042425318621,0.544402580834925,0.322801374739036,0.505162216921337,0.0652985904756933,0.326964088511653,0.646743197072763
"66",0.792776714783162,0.449804631917737,0.64221355998097,0.741845340249129,0.2079831500086,0.0988598392386921,0.0965969177321531
"67",0.000536010480020195,0.831803918063175,0.848272067488171,0.627008012254722,0.970890235608909,0.30900170035148,0.36728392599849
"68",0.208894618383143,0.340889238687232,0.53172719035903,0.779353953363374,0.770314647093415,0.096150015424937,0.287766812699847
"69",0.881396358491853,0.269231856142171,0.0560344256414101,0.41044689800404,0.646119551454205,0.262430090391077,0.858199708286673
"70",0.915811425918713,0.249203863906674,0.51835514202388,0.403007563555147,0.0862712318929844,0.786859134467784,0.24044187991973
"71",0.620104996840004,0.629243087277282,0.45310388212977,0.886246321863029,0.22779184031859,0.076435669248458,0.754083224762697
"72",0.0662495578248054,0.0936589246112853,0.703382628977299,0.417848663737066,0.663569594774861,0.873984343296383,0.773779154808261
"73",0.229260341288522,0.305561677190475,0.64062788512744,0.33708783956524,0.402391934139654,0.942731720475946,0.364504785943311
"74",0.196227758797817,0.41324740956258,0.647122024203185,0.00747992870258167,0.799524341952987,0.373970977752469,0.987842357832007
"75",0.576820508668199,0.756164321034215,0.959463869798463,0.267225386563688,0.158837058025878,0.535089320620522,0.461275429454166
"76",0.469699387627188,0.730246300520375,0.819890883038286,0.142124567256775,0.675337068902329,0.242911064276472,0.426843254117295
"77",0.764005689586047,0.970296734713949,0.301461192265619,0.40096491003409,0.0246707092877477,0.123800035761669,0.105765780010261
"78",0.929142703146674,0.051498148561921,0.195628513931297,0.0382155556348152,0.669535801752005,0.201274992986582,0.876760499171913
"79",0.25050505888788,0.118648737110198,0.217903842863627,0.352420898316894,0.0745043506366201,0.225681618416216,0.0513247419735417
"80",0.831071789789479,0.135332963656634,0.846232048596255,0.68670920213405,0.530105600311886,0.692536501329858,0.0729816391374916
"81",0.140833324548323,0.141400009752717,0.717385461565107,0.91220505240513,0.288917053192388,0.354898640271742,0.00326088598556817
"82",0.560739539640956,0.308363607496023,0.0960471233045682,0.563905970704276,0.229326237172354,0.313491701343562,0.133405307834968
"83",0.655888343343046,0.150459726756904,0.888205032362137,0.543776467041578,0.750313912891317,0.101248369111214,0.0223007641592994
"84",0.574128741995897,0.00529546282161027,0.466190529204905,0.219365273349918,0.505683361909352,0.51506558528915,0.346509982536081
"85",0.507475996874738,0.571155713140499,0.935049202863127,0.0721907914532349,0.602762777192052,0.999269597003236,0.526795916751493
"86",0.617870797534008,0.38113236883143,0.823295598873403,0.715765156078152,0.965810575293843,0.610373920622282,0.750548689235933
"87",0.32203347292915,0.934185224798974,0.0198198398128152,0.948953822997864,0.745990517278202,0.74518974574469,0.306227331186645
"88",0.62815151573671,0.165887660584878,0.190790624987334,0.0162068957416341,0.321755893960129,0.969808313671034,0.895803363263607
"89",0.536756688343827,0.311705643101595,0.0158124557677656,0.366938161796425,0.638033697881736,0.458276461895555,0.239490179928951
"90",0.0618443595557474,0.67240000394173,0.556243420484476,0.144950167469215,0.016502956901677,0.466574328327086,0.067958431116771
"91",0.693317298982292,0.941228693177924,0.567751603386365,0.48690735786641,0.270805125117768,0.586148829452228,0.964288996461779
"92",0.550387470838148,0.177857221501879,0.153318988942541,0.95135913150385,0.960238865547348,0.929939305122942,0.0709722762582824
"93",0.136282848898787,0.0130601612930186,0.899851972234435,0.52000207977416,0.0549740027743392,0.68813826502813,0.635206982500851
"94",0.844640895494726,0.600387625960633,0.137747706223279,0.556595974802505,0.000205408748239279,0.138195690935012,0.247968169637956
"95",0.214875108478125,0.173451566093601,0.418007513892837,0.434500844387803,0.103089970494621,0.0194642849536613,0.0428928061714396
"96",0.809996859318111,0.602932348977309,0.845914706184063,0.766005305978469,0.755494638679549,0.321109915034845,0.251013111256994
"97",0.788719661416486,0.267835684167221,0.613401525087655,0.00556584807997569,0.143204446772113,0.563342345650308,0.308949160666205
"98",0.744733013338875,0.52294053316908,0.042374209552072,0.842830292326398,0.992545166023076,0.422091187348589,0.679885051320307
"99",0.539701665781904,0.765663753924891,0.375560869385023,0.167365815621335,0.601628692006227,0.575107274679933,0.055909335362725
"100",0.0655393525930121,0.124117272680625,0.91639873293601,0.475099553001579,0.548622787370812,0.992829157422762,0.636711973941885
"101",0.143918218662497,0.92821284371661,0.357795056639239,0.217721605776344,0.803491981806699,0.934708761663642,0.048344560240861
"102",0.389387907177676,0.493678303578868,0.0171554416059516,0.806035055202432,0.420024378342088,0.186514302356169,0.0589863176634535
"103",0.922907747555058,0.327723332177848,0.500185904714745,0.525577675599605,0.544352618748788,0.0204714999175631,0.958079504952766
"104",0.292746407476254,0.649229769518133,0.951707486361731,0.726086011683103,0.189010987819172,0.772895967144519,0.578299121566117
"105",0.846886228824966,0.652615284045693,0.86012821407197,0.751900128692854,0.0687916323691607,0.82527892385982,0.901207689828239
"106",0.259517295710277,0.0341358521920629,0.484207707400434,0.22320516016148,0.125614102972671,0.282378380605485,0.65025790406391
"107",0.904015847064555,0.660748371997382,0.487588140679058,0.343601640473586,0.0997096301154233,0.105186792937107,0.546857605645899
"108",0.946986811383627,0.0534666819302365,0.0529626219691709,0.214436776845716,0.498258241435979,0.290589135901537,0.788214669348206
"109",0.297522590543609,0.410696151364129,0.43502069523558,0.947427296582144,0.956184295636602,0.269229770527687,0.595925215709954
"110",0.743027892231476,0.375948886347003,0.0354869254296645,0.478036841302179,0.347919564121403,0.7636716364366,0.949127160605974
"111",0.0493650454287417,0.3887514154776,0.69034322044719,0.846041186386254,0.41784594943421,0.258371413032524,0.925129003308248
"112",0.199124770084396,0.219602946311701,0.864339429577813,0.764070329488255,0.877413446088322,0.771535375614185,0.35389660023246
"113",0.387413557422813,0.762793319941964,0.941460147285834,0.874866358991712,0.194801411875524,0.156083780077286,0.186198926028796
"114",0.649571226945147,0.11544432884641,0.448699597503059,0.539247407888528,0.0565634343065321,0.98098274474591,0.783430695821066
"115",0.679993138432037,0.890721043088939,0.303602696126793,0.508110924598295,0.0842821952505037,0.78286525784526,0.709720556764863
"116",0.450068638787605,0.0568823279319331,0.973264213667251,0.638669291983359,0.748496954079717,0.226690200043842,0.569591422871221
"117",0.206796200625598,0.722203867063392,0.74894056104403,0.652581541427411,0.13044652615441,0.685087338137906,0.466545660865493
"118",0.710704843131825,0.133430158009753,0.874736147828866,0.76960606235778,0.186188135153148,0.38221792018041,0.975863449202385
"119",0.938368267726153,0.108006399757229,0.851740455320105,0.080820701782126,0.352306820989121,0.861348791776225,0.489021889600903
"120",0.633064359693788,0.397353312287945,0.0495878573306836,0.454100993371103,0.911129570546094,0.314453703872859,0.511393318752758
"121",0.499462020827457,0.506403068509884,0.894520874407608,0.671478865162004,0.406360218888149,0.0720283302422613,0.310962866200134
"122",0.321879372889176,0.713630081716459,0.841387068663258,0.105831929582637,0.764515498531517,0.229923011330888,0.374104028508067
"123",0.858800419062842,0.682889999480918,0.388849250096362,0.890520807562862,0.807029192313552,0.581570557025261,0.30119705067575
"124",0.759391552648973,0.938704086491838,0.171543902011123,0.496750970221125,0.915615675997455,0.631421443154104,0.695699690240435
"125",0.0249581551286392,0.0894364191782661,0.114649354673456,0.242049018310383,0.163585318339989,0.691151945624035,0.12842086035572
"126",0.87574629354896,0.794410858288407,0.920037876886316,0.895725104317535,0.45807047814317,0.0348340954151936,0.445602753335144
"127",0.071948642694857,0.97747003775835,0.569658926631324,0.782687311498914,0.423219492476899,0.706792088681832,0.896974276855122
"128",0.497554658837151,0.84737294399878,0.120063921227586,0.930924405405763,0.908225146498997,0.670275224153884,0.497424687211402
"129",0.762133280779235,0.0908297398244031,0.354478540670127,0.9329147186107,0.0293736810688861,0.336288251571357,0.269697965921368
"130",0.697214082720224,0.949710282661021,0.68679672427848,0.27090153847402,0.345538934184238,0.142335781507194,0.790982388994191
"131",0.541232901421841,0.162309227865189,0.986560289529152,0.723873093104456,0.244069731567055,0.00277844214253128,0.608330803210847
"132",0.45991551684076,0.161682690223679,0.896137811447494,0.200615811502095,0.2166456461302,0.257703248641919,0.450151599958539
"133",0.20540920917131,0.332915928898379,0.0316083523896523,0.989740556758828,0.53367944377847,0.116346430904698,0.458538576160558
"134",0.63799371065665,0.633664277940057,0.395642649272922,0.00131950852554291,0.326003798246384,0.926994215966202,0.356036069709342
"135",0.241429781168699,0.112901874301489,0.0403824279457331,0.969839451144449,0.0663526285286061,0.40109409740055,0.126635445463005
"136",0.253671323211864,0.48565926754009,0.694874221947975,0.0222333407094702,0.409140011715237,0.0674674116587266,0.804991392964963
"137",0.589741022693459,0.131471706633922,0.0557360216118395,0.151456678474322,0.60986874804087,0.266760202942416,0.277139394968748
"138",0.311590518178418,0.433168307254091,0.827786664355081,0.250141862377524,0.640862921932247,0.173494019424543,0.26637481258763
"139",0.175338804651983,0.521584434275515,0.980955014948268,0.409016165060922,0.541714933249168,0.42539834531676,0.0651447608117014
"140",0.945573279072996,0.835095052206889,0.248897932744585,0.0630714625655673,0.311214361507446,0.351038661771454,0.145018282623962
"141",0.345060346350539,0.36281683508167,0.660402108601294,0.0250517400908284,0.67018995537702,0.429222946465015,0.125834187631961
"142",0.463098864713684,0.524235002698842,0.736345433284529,0.22930096351169,0.478194116853643,0.0548497380511835,0.228440612124279
"143",0.79884695237875,0.597642197716981,0.182010774424765,0.440012040337082,0.843681864626706,0.0459214930837043,0.0607763944673352
"144",0.223891281323507,0.494072838203516,0.0721841363827698,0.0274459672374651,0.74116141619347,0.246227118958719,0.839341391007416
"145",0.494056031984277,0.476840697657317,0.904953422320541,0.611860691710375,0.721615414367523,0.417429030488711,0.720056159105152
"146",0.373287009181455,0.00938929085247219,0.773630085592158,0.858224290005863,0.208738971979357,0.478853166553192,0.404132989568636
"147",0.882952895436902,0.0945468667978421,0.400558945700061,0.356554330362473,0.713034471980296,0.602132094831206,0.567466452875175
"148",0.526390537538566,0.635763465288561,0.516853656041436,0.59751458923379,0.68400733602792,0.994364430385642,0.565000971596688
"149",0.442774053204805,0.407189124399796,0.167773927990813,0.332543238499667,0.934049204112496,0.739305993344635,0.533778218971565
"150",0.254163085297216,0.392273745637387,0.855394082232378,0.958648645739071,0.977271573650185,0.408657445709221,0.816552251173649
"151",0.0877888030135073,0.490661473846063,0.515067955956794,0.494416745667346,0.816957521056291,0.608014951480087,0.377219873989932
"152",0.0548296137200668,0.920455409998074,0.790794558889698,0.677788817718625,0.980395772446878,0.40627511634957,0.875722944417503
"153",0.3589154625847,0.424828568824567,0.825336238769349,0.647191423042677,0.689502373623196,0.775361130980309,0.606331809789408
"154",0.285536373056471,0.272710629407316,0.078236381247174,0.141808065550402,0.296982252252288,0.518393688392825,0.400586519382894
"155",0.675092390649952,0.372089675147552,0.256153391557746,0.546784321369138,0.0461958291972987,0.622552551995032,0.337585762474686
"156",0.327481436863542,0.0198472527014092,0.274140129052568,0.65654212315334,0.810764978494495,0.51610776493419,0.477826311429963
"157",0.144324205474462,0.65657803133782,0.627030187164899,0.577738955656532,0.978258313959464,0.69634716745466,0.802679832115304
"158",0.704405953230802,0.468388119936921,0.746669825125951,0.327683122996706,0.655880304091144,0.374607862103265,0.00493580306554213
"159",0.263484406818636,0.42187094834866,0.298051617675927,0.620060221150518,0.629251654188149,0.0526045835199766,0.725106321488507
"160",0.0776531131798402,0.32566023963457,0.948146286943927,0.431732000511605,0.253945315810386,0.310148007648531,0.563634310189635
"161",0.0388588086115196,0.0313792400630191,0.460645171904936,0.170397846491076,0.445813822953496,0.181687038896605,0.141311421609949
"162",0.908956383869052,0.766873928121291,0.809797642328776,0.0320095152948052,0.610590446180664,0.508152189263143,0.0798772653751075
"163",0.979550975732505,0.111914822224062,0.100771911206655,0.131034232325386,0.758264932694379,0.848181770160329,0.52908274175832
"164",0.391524534290656,0.0254683820703067,0.0239532168270089,0.253122189786751,0.373994065477513,0.129777406609152,0.194517945750151
"165",0.779185742431786,0.0108337683635764,0.982442259345204,0.340265834156889,0.560816201781854,0.727482417271473,0.854366924178787
"166",0.267147715179715,0.496678542179055,0.583772536931094,0.426737882689107,0.928973346050829,0.948314608298242,0.685090766542126
"167",0.686608043142594,0.101640991562977,0.490043887574691,0.325344132170547,0.607742056827992,0.674366065664217,0.136897448846605
"168",0.754669887361117,0.951901319752447,0.128429015067872,0.0517549665695988,0.10031014876673,0.785905164454132,0.324336415024009
"169",0.972342056918424,0.573498987784144,0.378010410457849,0.124968927343376,0.0583983470019884,0.779726089367177,0.470446366908029
"170",0.231274820764549,0.579928715854883,0.678202732030302,0.0463771995059215,0.486554345383309,0.241893195294309,0.462406562386081
"171",0.9321604977143,0.575298966032453,0.858545641369652,0.512491520917043,0.617798648632597,0.207387722483836,0.940135396315251
"172",0.890723133726046,0.871996934649069,0.111294958983082,0.88576887737494,0.975962271061726,0.524039234810974,0.587858169501647
"173",0.0596626037005335,0.967100547981449,0.956109924606048,0.914140293014701,0.292981415621936,0.505023781701922,0.23664938653307
"174",0.523513013965916,0.331837331654504,0.297851147520822,0.712947349898051,0.0900041073611937,0.298778940584045,0.0474385920288041
"175",0.14687044907501,0.365551099555567,0.113168459665962,0.1974827363519,0.589790868917946,0.898914310570806,0.665318030937109
"176",0.355116418757476,0.815200566702522,0.968580241390504,0.668127884226385,0.322999995452818,0.624203416822013,0.18011039083451
"177",0.298094500124454,0.450921934585553,0.139445301575121,0.602571186062414,0.278819310449995,0.827600487585645,0.335678508783691
"178",0.608631199419964,0.881733053619973,0.936181216791738,0.534308527455665,0.687574805984274,0.265972531935666,0.931303514273372
"179",0.968211581398267,0.30100762058422,0.238093057172839,0.0953618921157904,0.642414986315649,0.551900732707698,0.997226054445375
"180",0.948051176424604,0.616949667143635,0.103703840892296,0.5265756600108,0.924133188724984,0.722027260070667,0.284559283636976
"181",0.954068129654042,0.92665222238237,0.308726167543326,0.184556233579759,0.763348737622146,0.213893107922748,0.591760122063104
"182",0.218394009762909,0.0625375237907283,0.770895455289632,0.590520773751661,0.199415292307269,0.281295851128176,0.49156103485683
"183",0.413096722422168,0.567577518574893,0.330910455012694,0.910735567286611,0.210035447551403,0.792376917670015,0.616122087518219
"184",0.8703376652929,0.738461738688406,0.733893395524938,0.238955628562719,0.399083946967963,0.500274280461483,0.344081570103765
"185",0.834072703876533,0.710940461747348,0.365001107716933,0.372307830433361,0.1741847166894,0.0819905861020088,0.029634101989679
"186",0.591458695244044,0.859933865681756,0.740312856103294,0.743853307793848,0.620064444878139,0.497423694852274,0.174083877521567
"187",0.510926259286702,0.800886754428502,0.526532348780893,0.436166005627252,0.0112860566177405,0.568580301668961,0.221509752363898
"188",0.476486961885355,0.869369858319871,0.0753713468951173,0.98075031223055,0.456835134821013,0.359192548445426,0.509912259334233
"189",0.768911201140378,0.0871321899755858,0.664105663123075,0.10754644789407,0.769173652367201,0.192894905413035,0.776976589144673
"190",0.531948533956427,0.202080645854119,0.292556175132748,0.0288031144854613,0.00754068143386394,0.642888970366679,0.0172037054100074
"191",0.425685128805693,0.419836984574795,0.80580261777807,0.581570214306004,0.182406277330592,0.482494266672526,0.748581930215005
"192",0.0748727507269941,0.675363568125293,0.585344030640554,0.746692133455072,0.782778736718465,0.146307403813582,0.082811176281888
"193",0.309872484346852,0.810038901369087,0.203156654378399,0.990259803573135,0.739707603439223,0.833005042334553,0.797199762515258
"194",0.0442795932022855,0.533007515558973,0.71565922247665,0.31849665203644,0.466465228872374,0.659596663438249,0.973564951381646
"195",0.315619205329567,0.307534122952726,0.25301710470207,0.174315256224014,0.506279423069675,0.443076382061932,0.480718484298326
"196",0.429794669274241,0.242805183054414,0.939480983890593,0.844937204666436,0.225826170680579,0.0467783330171369,0.117538959795609
"197",0.982080260504503,0.22237718692841,0.658453226141166,0.0714735807566904,0.329763694048394,0.317471336802468,0.289681968863588
"198",0.503761449988931,0.478008955603465,0.506101541856769,0.280009622231126,0.48336470706854,0.145756404466927,0.0767417600201443
"199",0.699243682223838,0.167517448063474,0.320516489179339,0.191979113916401,0.705679724151269,0.97208510775445,0.0633632778204046
"200",0.913271899557672,0.695974001734052,0.0133842479772866,0.791036747293547,0.222701520908158,0.219926759580616,0.995069910848513
"201",0.383487542019226,0.558203911910765,0.644727486114018,0.88203371172538,0.441761334367562,0.650124517721124,0.0538218272849917
"202",0.885095139706507,0.508002237976063,0.779900332088582,0.994404211109038,0.0404906488037668,0.880752145818435,0.456198516635224
"203",0.39752832862502,0.510572332696523,0.420899698553607,0.294246432506014,0.904922485221177,0.700080367830582,0.24270525194332
"204",0.0727067941287532,0.99832816875726,0.314394698111806,0.675932899131905,0.306363811590243,0.955541272401344,0.952403263157699
"205",0.760971873803996,0.726116426262073,0.169256453724112,0.796257957860827,0.411042314664461,0.0422677948572673,0.244614437730052
"206",0.330093490308151,0.954057744468562,0.495491517779883,0.389928269119002,0.494714987978805,0.436461380595807,0.48304177280888
"207",0.433195689534768,0.92401159735769,0.083411435964983,0.203397533858195,0.6764781651292,0.528924893611111,0.676142431594431
"208",0.165257421768736,0.780225383599754,0.609311091084033,0.0319026640155353,0.427663542938884,0.0147086962228641,0.729603871703148
"209",0.646195161880925,0.452220510112587,0.358750091818627,0.433792841381859,0.121073244844098,0.80646987070702,0.666573498909362
"210",0.701841182983015,0.225487110739108,0.769239149232861,0.470571295737289,0.451184509213083,0.0884893014328554,0.801985071294475
"211",0.867293664387427,0.169537253648043,0.0628264285610057,0.499372624028008,0.89594002676243,0.302221961523872,0.59759311288083
"212",0.456293664549943,0.515550082975998,0.995833957438357,0.168504918338731,0.449899068118073,0.819762419925537,0.893781450856477
"213",0.167341162296478,0.716620347609278,0.931002694050781,0.114293374285568,0.481115811993834,0.214887808732688,0.879509465642739
"214",0.554902401796076,0.351087630289141,0.134823293600231,0.963149745272473,0.88080910982145,0.184324961526319,0.504761748901103
"215",0.694103443660773,0.0432541719251312,0.391377621394116,0.788072674617637,0.356081480024848,0.278799880384933,0.201267552519683
"216",0.257617410716135,0.688541843910236,0.342763436233159,0.289106580561958,0.844012472127099,0.644689419593196,0.196000489381142
"217",0.0963027583104558,0.789753381435759,0.588781372567173,0.8545195330102,0.212622516393662,0.975793824622873,0.437695555798244
"218",0.235239011139609,0.1387016152367,0.681589736578986,0.0564195698159747,0.984726940110326,0.914401565507054,0.103853152674623
"219",0.95334226227412,0.370060923035722,0.404328120967373,0.705473453429528,0.587626027313527,0.971231833628844,0.70695391517831
"220",0.405348188096657,0.0662068796083331,0.960657018972561,0.587490249896422,0.972139804716688,0.913578606560361,0.370852577833924
"221",0.444381200792268,0.866482735769358,0.725858850370161,0.052144846860785,0.572261002461892,0.76531471552467,0.315316525738221
"222",0.40734286374785,0.792188316921238,0.428755353110842,0.0422383863059804,0.354334020494949,0.446454654029105,0.934295491963625
"223",0.482947762676515,0.102441319020931,0.620283385240007,0.220471029523294,0.401646921123844,0.0622963382294402,0.990135287265293
"224",0.486373947832733,0.702310908191372,0.89084986084979,0.804051813771483,0.249500931110233,0.639605455082376,0.120826889642514
"225",0.131478017356712,0.27121322281938,0.208561718487181,0.447853503119666,0.179961298370734,0.853444591801148,0.737506952514872
"226",0.513882711666636,0.819570716996212,0.991619294883683,0.55834803265566,0.0512056028018706,0.523125458791852,0.835941033618525
"227",0.726108682345599,0.256413971400354,0.755815126048867,0.661351331016514,0.77626030740561,0.962887889695354,0.162273423546925
"228",0.85789556735754,0.0236958968653344,0.578496609036811,0.816443288249895,0.727304571372457,0.361217890082858,0.204390629144851
"229",0.782296959794592,0.384516739046667,0.456009478640277,0.648723952193279,0.991260686574038,0.879731130692642,0.969404555386398
"230",0.712111880609766,0.821585440336727,0.61926946147019,0.549737986904569,0.220035593751818,0.621868236437906,0.23393694891315
"231",0.213248111209366,0.0771234437292442,0.273894890781492,0.316117655991577,0.678340326237958,0.977273031111807,0.355121411192231
"232",0.317709390478209,0.502101196825504,0.480153022459243,0.0148292196257971,0.370077073099557,0.324762157158926,0.733626340100076
"233",0.276039594154339,0.646671594631392,0.313712418724783,0.939466283280402,0.218699837040622,0.664110586027615,0.845852894981392
"234",0.886541527383495,0.588768515123986,0.657293459699489,0.439888405710459,0.200079272175673,0.149622447932605,0.758348047349602
"235",0.737552272995003,0.824309703666717,0.711125522231217,0.0858760563209653,0.274913020413835,0.18802177806804,0.618708310378715
"236",0.703754738396499,0.706144165463746,0.989312927929685,0.889810474679805,0.382965233330149,0.965445754997898,0.66390109132044
"237",0.663313372715376,0.614284871844109,0.55992135410523,0.957638259750325,0.590070458441973,0.805068687831052,0.446905672032852
"238",0.935095925434492,0.873735369035974,0.926250803974457,0.0910195415806957,0.475251467383467,0.712467529002111,0.831315591915511
"239",0.378859126522671,0.734645410542842,0.431635108078364,0.8203196571148,0.338066813111771,0.812563395240344,0.583866349942051
"240",0.426623044623528,0.787086377787404,0.247268834373448,0.0766190289836377,0.0327844346966594,0.420664203645196,0.738395559498109
"241",0.959831507828552,0.436898406996392,0.349054156223778,0.629248825451825,0.115562995951623,0.533633793919347,0.170959255274385
"242",0.851550371085759,0.536659652539063,0.533786095528863,0.617490882087965,0.260861387361307,0.709805157308467,0.274153485060204
"243",0.415924488486256,0.36134033265058,0.798215724521317,0.452622096172068,0.0525718894321471,0.69467758239666,0.881385877704713
"244",0.200694134256802,0.644096303962171,0.464339810857549,0.445274885164574,0.437868952137884,0.0312608128674328,0.933205526212696
"245",0.307257042311598,0.21770688377507,0.432072997184005,0.0894480357924476,0.118014032544103,0.166538231532089,0.085373992530629
"246",0.464620006341022,0.262057341219857,0.783838864045683,0.996116158158518,0.698597442139406,0.430656036665197,0.148643769839779
"247",0.824823016247712,0.611556141597219,0.580478295202367,0.302742006641813,0.332937263756525,0.0937977735395543,0.867000572740566
"248",0.248280656164978,0.196826922632288,0.839658757747617,0.126077856407035,0.472996607024223,0.931217415803578,0.316198616870679
"249",0.975798983148299,0.686729435032699,0.92980609974172,0.826910322792362,0.522645027439576,0.663747975576669,0.661011123708449
"250",0.627843749139458,0.213813256655354,0.95575121233426,0.589825119812507,0.576536745712161,0.741489236124325,0.0448529967730865
"251",0.107081055902876,0.0978508628732525,0.324531186326873,0.358824644658715,0.282391024524346,0.570883091812488,0.303250311885029
"252",0.89223963466147,0.383953769469634,0.79697342153592,0.98581452455977,0.0223361893920228,0.865030085176695,0.601488512805197
"253",0.517663346928544,0.913570745469071,0.0366107149096206,0.618697674752213,0.367279300245456,0.335760175451171,0.979818146571983
"254",0.381984476086684,0.337681419377215,0.236733028032351,0.568007744341623,0.0351438312274404,0.876092522685882,0.90772712389892
"255",0.232944545796607,0.772310466350056,0.23591269413149,0.387294071760494,0.32402089689346,0.94026531270612,0.341484156804625
"256",0.931939214236103,0.480533803823404,0.831542976039462,0.91788718585996,0.922081830388401,0.250310716471635,0.581870379947126
"257",0.534915645855945,0.884343252699357,0.0699914129958488,0.110767172018066,0.446159958316479,0.605957344025373,0.15757619434176
"258",0.478395634160377,0.962104379781522,0.0912808576482348,0.702191160544287,0.756128502523527,0.717300318592694,0.363553080155049
"259",0.118137528387364,0.240754292121623,0.1179750677743,0.412435350861866,0.524739611188881,0.988283932526596,0.109470296758693
"260",0.0260591863887385,0.696790049988311,0.376651510751806,0.0372139497953467,0.874402121679392,0.150082488394342,0.419451131222304
"261",0.357317644705065,0.760825770404655,0.723170957196038,0.0967678768732585,0.141738308693748,0.469319045560434,0.649997383189853
"262",0.690258360122796,0.979120659241453,0.977247453652322,0.592991492549889,0.298735721714795,0.403344453271944,0.795178259363398
"263",0.360617677473463,0.447388146972749,0.765768743341323,0.881324851504993,0.171171485405881,0.559700901695527,0.438772586254403
"264",0.2391989988368,0.0160907733715139,0.900267628779635,0.078980856933631,0.637860983572435,0.594510088526644,0.730149527574424
"265",0.990048870654311,0.770934757921845,0.893520346167963,0.635482689971104,0.596816232024226,0.0128770909914747,0.865160840413068
"266",0.27330068077473,0.157498559717089,0.41723533998942,0.379208849565592,0.695323977905791,0.0486443611970171,0.372851829810534
"267",0.951779285635334,0.0734755287389271,0.4961883465969,0.128977084071841,0.725953523639124,0.87533408947289,0.382758188530803
"268",0.823267972597852,0.996445926367771,0.614878568425309,0.112625254455954,0.852889039087109,0.636425298965536,0.222134466941003
"269",0.246288509834092,0.841531213459093,0.0444815113856457,0.582977751951665,0.898028178291861,0.890051838954911,0.557701417784672
"270",0.126437325665727,0.961179314474575,0.706288204262499,0.363217290868983,0.359046249118168,0.554611151487567,0.814340651624836
"271",0.0195551811042242,0.637393837541807,0.962820336898323,0.425112026344053,0.550454386600759,0.591009618471842,0.722206290331204
"272",0.449078370673116,0.751339772640262,0.345256991580594,0.462974848979153,0.936230469800532,0.440702878789045,0.155728649388067
"273",0.0474496108898893,0.298438653128222,0.682901602912694,0.643462324756663,0.772130692240782,0.9034880630197,0.818222954352852
"274",0.0160524391522631,0.541425482015591,0.743138592625503,0.405020984552801,0.631904029846657,0.743860742962454,0.455542010566685
"275",0.00250777478050441,0.736214715606999,0.0987770610214211,0.901937558326405,0.0302360304039903,0.672170520562213,0.836921403335407
"276",0.571010600957554,0.918632746937219,0.708701346471906,0.345443603575695,0.134997700118925,0.966910984441172,0.0902892363630235
"277",0.518188386125024,0.563123467850499,0.718016756783705,0.967974470939022,0.154340828207787,0.0514187650815584,0.668619001908693
"278",0.721146202165633,0.535907040105201,0.551202158271335,0.823067292197142,0.518932118575089,0.781877176421229,0.792029207390267
"279",0.439878070503008,0.665595667959657,0.264205966513604,0.850114557788242,0.190009398653172,0.202686484131031,0.516835547763389
"280",0.0953968625818379,0.933255013030022,0.483906959544867,0.0599388115261681,0.496340255835559,0.606080502466764,0.632888847029768
"281",0.369631816826761,0.441042172429152,0.932082401610911,0.584045346355531,0.752998538493644,0.211477206156123,0.928218422498088
"282",0.203229023144115,0.775123868478462,0.0281213608528487,0.799720136008691,0.902194474051706,0.909541325950529,0.742157896757126
"283",0.806086073600221,0.833713779286481,0.132727982867509,0.179839653033763,0.360545560081955,0.404671253399458,0.807903535836376
"284",0.993187560209539,0.550465159356128,0.14860384920286,0.211874121089,0.31453428858472,0.414101648582611,0.425321378686931
"285",0.556276355421636,0.0495480506406166,0.70162792761391,0.793518140265718,0.0488072895538062,0.297946408631746,0.554202558862045
"286",0.994243056015112,0.709912905590609,0.671738371099811,0.13246698648762,0.0440437480583787,0.539301519135013,0.71286273612082
"287",0.00527517064707354,0.659523355917539,0.385686450717505,0.420327998662367,0.515255036483984,0.576646561870351,0.993277732040733
"288",0.114775651815813,0.837914118739776,0.371092410915066,0.978203642089851,0.335882111828774,0.133762924733572,0.501521965230815
"289",0.996810364837293,0.876292356947437,0.175740777017549,0.269489517814945,0.951615352484398,0.866269478213508,0.626980305492412
"290",0.0911641160473227,0.897780821507797,0.69870895734895,0.488227724712808,0.277676985501312,0.911937782913912,0.0212914086459205
"291",0.586442316097673,0.466438286492135,0.00768211721070111,0.502006766942795,0.543004010231234,0.307773444163147,0.94309633826511
"292",0.533119671367574,0.669026761338115,0.15167808223702,0.212839730746578,0.73122201066697,0.896514129732735,0.612605645283125
"293",0.420005485673901,0.758542320331093,0.87686772985477,0.45842105212668,0.872373716791626,0.0299780034460127,0.0936444245022722
"294",0.160664005717728,0.804905664809514,0.0474852542416193,0.162868936281651,0.432066262910143,0.512511803191155,0.403232563942671
"295",0.500145413954742,0.995796860512812,0.285154164426029,0.923181125704665,0.319592412468977,0.39671581003163,0.872357666762546
"296",0.460905720551033,0.82818717087619,0.975750293188263,0.545963544074912,0.453968402782455,0.997044495030772,0.248112365892157
"297",0.707945006160066,0.622944198897574,0.803754970957991,0.825581565767061,0.747099912885111,0.850573092039675,0.659798702678643
"298",0.868427170849405,0.501220530336723,0.807124337746296,0.739390688756015,0.826810443670489,0.37154344544746,0.213065102700144
"299",0.0884590900684707,0.344007537823636,0.668228323606774,0.371682315542828,0.889555270127021,0.736978024647571,0.122504204803146
"300",0.839877851812169,0.0261186453094706,0.775470503303222,0.717624347527046,0.652265252406243,0.244877920866944,0.841187345071696
"301",0.403687224027235,0.577044596970547,0.882906620152295,0.0107061769911088,0.890836535937153,0.734371841934975,0.0566641707173549
"302",0.723759150103666,0.569856983217411,0.0661555833960883,0.594041592034046,0.240165140677709,0.678213010284584,0.856239297381137
"303",0.553833189039491,0.154374935887754,0.352784802410752,0.119433898909483,0.469071342411451,0.584759887308814,0.358576008830685
"304",0.0572277950528078,0.290308637470007,0.971722101410851,0.857440239942633,0.539174605485518,0.573196681939531,0.35060185956629
"305",0.053127686962951,0.560644421171397,0.918411478425842,0.134888332411181,0.778778694350272,0.45796253762953,0.886061732828151
"306",0.907323808190413,0.171044915440492,0.214357206845656,0.632483835575171,0.78065292228153,0.0754817889630795,0.954392831104342
"307",0.569649872832466,0.116286539149005,0.192661676969379,0.564265730785206,0.702742925378494,0.474903339042328,0.486766971650999
"308",0.848907314881682,0.146605754928663,0.555502636050805,0.672524723665789,0.804095580420457,0.789857414908707,0.95781174373487
"309",0.0157253678576089,0.189995574699249,0.62241883333493,0.553104197879787,0.791276392044965,0.160687232012395,0.415756878674496
"310",0.855443282788619,0.239471310283057,0.944415822714567,0.375942984076682,0.556555022484623,0.687498601839878,0.192921773503534
"311",0.731187934124377,0.640528616600204,0.63725790257426,0.227178301488049,0.917617072325665,0.0701933318939991,0.151416715973057
"312",0.419323218154721,0.000216604039538652,0.473349358511157,0.683421986444853,0.18515453316737,0.126336063460913,0.0343781265029684
"313",0.363680565976538,0.838410828383639,0.833855389718432,0.123841437703464,0.85948402488092,0.841560257672332,0.318893039993942
"314",0.777864334397949,0.583513034697156,0.476366999859922,0.204959173338488,0.147281487305649,0.653827552161179,0.740883782412857
"315",0.280407382478937,0.0687156004332937,0.317703638046514,0.321862437199336,0.116736294826493,0.113812208277173,0.57673713302752
"316",0.400067642599344,0.136010517652147,0.350149710352067,0.313381273704115,0.388085008589551,0.846272342969663,0.086517374120187
"317",0.168999051960185,0.965249784102663,0.786920506408438,0.871125245209318,0.391659117687494,0.81727841199236,0.786604842281435
"318",0.221998522109818,0.580503256400581,0.763070466835517,0.66574785099132,0.995157094832044,0.887171050474513,0.629908081396949
"319",0.681307866544463,0.0643614640096203,0.712619067599531,0.0082234065993689,0.485378555949312,0.27034678860195,0.86028492102772
"320",0.295020630360115,0.638262934412807,0.468945956703741,0.0413682077294216,0.585886415866669,0.28444869569689,0.614228583903518
"321",0.917761153634172,0.84510286492575,0.90667727404926,0.853412812313531,0.562723508679308,0.753128806156106,0.139668370645493
"322",0.787633911164012,0.38761129396921,0.997370053118095,0.493380220857449,0.996274972298183,0.349955562010873,0.0811271495115943
"323",0.186926359482575,0.720391014486086,0.142431284709834,0.0203269688682631,0.197102847683243,0.365228616652079,0.442277075791266
"324",0.124232644694857,0.822833673447371,0.0957455964507535,0.0197917042956688,0.849640125765931,0.632764502444304,0.330179426485207
"325",0.153611292408779,0.728215986396186,0.206305942571256,0.606689886095002,0.612753978159744,0.92202586131962,0.588392414210364
"326",0.473788961809129,0.690468697025441,0.885727304241154,0.800157491652295,0.734628032820299,0.884508169967215,0.278671522452962
"327",0.417904444992542,0.277376767931506,0.329427568033803,0.970175664475188,0.167505526626483,0.444097107647918,0.827372770129237
"328",0.775959129170049,0.316599981679581,0.789619651305489,0.728065384692978,0.153190224526916,0.230900090316776,0.00145703139109537
"329",0.840687086446211,0.319118916287553,0.164450052448548,0.160106249244418,0.968836458192673,0.0279893576838076,0.206217046328355
"330",0.0295550013440661,0.204280912763439,0.903012056608219,0.117469582355116,0.512631130878348,0.194588670908473,0.296613145952579
"331",0.411289221695624,0.667815229366999,0.44630338279577,0.176425369165838,0.93172631291626,0.217927908798214,0.0405615521720611
"332",0.665452604007442,0.00602539301943034,0.373161381823476,0.154014922102448,0.30355053666234,0.776493160195183,0.0243994476757944
"333",0.757709044833668,0.438733969833236,0.856544858955778,0.977341625614557,0.384850843378343,0.220055724025238,0.515859728155192
"334",0.659670017470606,0.784870794288814,0.336340206754394,0.802192869556602,0.878858349126764,0.454307789542247,0.448808293181472
"335",0.0234409165107645,0.367915343104396,0.828522919544019,0.082211635300424,0.284435860963073,0.463356801651418,0.799382315626368
"336",0.0102483158935793,0.512610042565968,0.278655870849267,0.465828675064258,0.503974107814953,0.655006574050989,0.147707190524321
"337",0.195892656195909,0.18720797337871,0.157893618221395,0.0344276257143356,0.599928773991764,0.65679212645581,0.810038236088585
"338",0.827512081148569,0.409875798035879,0.511128603207879,0.390241817258764,0.918902669321746,0.895084470773116,0.518542826072313
"339",0.780225502601825,0.356973556127399,0.0879688338111155,0.574616206366103,0.982803385242354,0.682020501487423,0.54584983223211
"340",0.558311710830778,0.643248279621825,0.286623864856549,0.536525245883968,0.864877210243605,0.33232969825156,0.225002555669751
"341",0.446102124646306,0.807573952628765,0.455598494061269,0.394537380640861,0.180903651479632,0.677293984838761,0.885563425105996
"342",0.749116633464582,0.624756483227946,0.835718083439395,0.232134067515843,0.732420619984157,0.498086228698492,0.686814987472724
"343",0.613496383549646,0.335442523253616,0.513872890355997,0.654470837165136,0.716402124558575,0.842853944461327,0.0191565273706801
"344",0.610381687168498,0.127247646577656,0.878359537015669,0.0499546390115283,0.301946941468399,0.946650058857165,0.746849610388279
"345",0.431129955109209,0.855611732725985,0.441241556411609,0.0549986061546952,0.583352895136923,0.831217446932104,0.494837545841467
"346",0.987897204267327,0.352547637804877,0.197154043151531,0.830232295839582,0.510970949322451,0.492354291141499,0.391653909976128
"347",0.814620649585035,0.5396816243371,0.267560018729884,0.926411755741108,0.0377313591716811,0.344053243204486,0.190062643618323
"348",0.936962384780403,0.377554080946837,0.745493517657276,0.137647211153992,0.144804584960919,0.198733484226745,0.531170891118702
"349",0.578742762489244,0.879526892479043,0.673776047085877,0.262358926943503,0.552170617194381,0.472351501575671,0.781274495856836
"350",0.619635094937868,0.892631920128129,0.474548198483884,0.532915740118362,0.887387110965792,0.162591545415577,0.520844725139439
"351",0.471834968780167,0.297343102360144,0.382698055189103,0.982900000152644,0.567089693399146,0.0820157190174796,0.321614980360027
"352",0.67604697990464,0.754145297984593,0.727933922797907,0.940205147392582,0.619506879935972,0.233576522375457,0.570678578177933
"353",0.709856793060433,0.670501840655692,0.141911876399536,0.691691679646261,0.907440515990835,0.0392564401482232,0.734945495880675
"354",0.1575970839113,0.00220153497112915,0.412336298416369,0.813303636856377,0.290110136094969,0.919857005809899,0.55162459387118
"355",0.766592179385945,0.748390954365954,0.335132268901914,0.158532336568926,0.941266366570257,0.802982247063424,0.784323316860013
"356",0.286738826325163,0.547229177859146,0.0765201763017103,0.861795606341213,0.901306790953968,0.465473313493188,0.905982249360066
"357",0.170904858121183,0.040928110958077,0.333245068433229,0.469409703055397,0.659013032688759,0.924307939828839,0.756918948268518
"358",0.741668184372596,0.700177662201691,0.223671698927879,0.903619074238464,0.0632134331068955,0.0336182777443901,0.506811147459317
"359",0.615491079521366,0.598650700387545,0.367316665974446,0.818747234612703,0.529835174510255,0.318347912487108,0.774160741841886
"360",0.504580205795355,0.368431380012073,0.423207631014287,0.987446241549216,0.412539119024295,0.286445056128781,0.210732145301066
"361",0.264742891226895,0.459303465834353,0.728144270340912,0.335355392902158,0.193255235698074,0.566426267754752,0.161000907893758
"362",0.385783931976184,0.0477054270822555,0.470805783962365,0.810080002482049,0.365628734841943,0.596461598978844,0.420190601588693
"363",0.563276464327239,0.4009021924478,0.231877109174151,0.75787550272001,0.649882868024521,0.791883874685038,0.639430169901811
"364",0.377418797995429,0.677379637766164,0.794795909425709,0.899498842615634,0.078242311140988,0.453627542982344,0.683798358888365
"365",0.408932499497198,0.405902016222477,0.87162461474305,0.566498103599064,0.863977650094777,0.449677162362728,0.168869739603251
"366",0.714607680531684,0.498261819639243,0.233191488838289,0.770401340877637,0.491574033585377,0.426268335917033,0.0758534582569264
"367",0.59255178313423,0.178170345965773,0.521929445393383,0.573381503091659,0.80053689888306,0.379580119619146,0.135936273301486
"368",0.752109093786217,0.595666476216633,0.505551144204568,0.314784557153005,0.313599669029936,0.70320629534591,0.84903777712211
"369",0.00885467450879514,0.613445654863026,0.00203612054931,0.718498914422002,0.871488924123813,0.719231670681853,0.926821402247064
"370",0.374420075531583,0.121355588253587,0.396248693794478,0.192945819773246,0.986985502684023,0.461400057114661,0.535244392827619
"371",0.820297030441463,0.889979445436038,0.75396039252216,0.937897314033471,0.215694821292069,0.394503618223593,0.416918888162356
"372",0.666295129274949,0.983983095848933,0.62489315263927,0.571321883008815,0.501666367991827,0.565639353618491,0.537317321486771
"373",0.312814177459106,0.548060750128236,0.649870009285398,0.998134249949828,0.788461039155722,0.615952401741408,0.745712675780524
"374",0.521369721728843,0.286407541138586,0.427644127395004,0.231071801600978,0.77505794452969,0.845586861646269,0.961805732795503
"375",0.597613526807167,0.910316406668164,0.561104560609441,0.651681132515892,0.516287532866001,0.85662508927891,0.870074894413818
"376",0.717513390680775,0.685260847099591,0.617395046561956,0.48189187967917,0.958675387403462,0.714943108798936,0.271274275542703
"377",0.602346755989827,0.914092520513572,0.573527207817417,0.0661129275672138,0.787743034941144,0.356147279236931,0.295083156723063
"378",0.365761605387554,0.403315657834057,0.5877185923527,0.541163191270083,0.825175667416304,0.175205264866352,0.718923307496123
"379",0.437881314126309,0.556518517606426,0.268737909134012,0.182421235567424,0.946655946224462,0.76124578430457,0.702883512062486
"380",0.353003336329013,0.198285068509635,0.260624596250243,0.709318766134791,0.835560635377653,0.991725418125745,0.472468685396481
"381",0.638974560510833,0.158804368963931,0.663640093575232,0.961162927436177,0.428798881175462,0.938831744014751,0.440053705392871
"382",0.661402248400729,0.128986158411484,0.502896457913332,0.30806836641999,0.593576023175381,0.376350752498023,0.988758020777255
"383",0.242003025596496,0.894276134702843,0.965844199239276,0.101726712735835,0.837981524406467,0.814624450648204,0.778962187216152
"384",0.103432720458135,0.261068197428715,0.08418159583956,0.484298386388924,0.831991772263311,0.168277186094783,0.946553824207745
"385",0.770994980226737,0.0783896944965236,0.251054813460913,0.456701929128729,0.266866455267183,0.800974502469413,0.3787599770464
"386",0.4237871918655,0.464402724273037,0.363321130637545,0.428733325955458,0.926939330976922,0.15954835067736,0.189747228858061
"387",0.216187774178572,0.848978660491761,0.759869274443015,0.0922744167493656,0.701175229377579,0.86372748601716,0.18397669636691
"388",0.634854385230225,0.315671331291087,0.106264338338748,0.255055718079675,0.00359784732246771,0.102820491395891,0.479247831269633
"389",0.182553510671016,0.487557723680511,0.445569950412493,0.490179827857297,0.243463351398241,0.0171910785604268,0.602158281789627
"390",0.040376260007266,0.210171831232961,0.536102680794895,0.905025203727651,0.363235926948488,0.387878713735379,0.863456319523044
"391",0.329540471911896,0.917805269348901,0.311037272558082,0.942019238175824,0.580834425977431,0.107565953609999,0.423020188068505
"392",0.65149577818485,0.79065133484127,0.119743897398002,0.745324717454612,0.294230168167036,0.0657634375700727,0.368488849136978
"393",0.545425095935352,0.274956317489035,0.812882450760342,0.460426279909443,0.0890581326545216,0.746431966402568,0.332763113119639
"394",0.33200316997664,0.959725294971373,0.270269143099897,0.292639306203462,0.176395483974833,0.648339050526731,0.769909782035742
"395",0.657856213844847,0.145923959759995,0.163516094484832,0.473194713147357,0.633988979911432,0.0240947945038788,0.54267319716746
"396",0.104391294736415,0.626000269970857,0.393671426291578,0.274645677545574,0.234002222121693,0.45014598609833,0.0693915984225459
"397",0.180926271463744,0.585439667612314,0.575726629265118,0.330037442537956,0.434054277939256,0.821079486888368,0.342541973804124
"398",0.371364216484595,0.985611218702514,0.638390510460828,0.833037519520614,0.340740615766495,0.0613647285578772,0.25222548745526
"399",0.159712926164269,0.704860585104208,0.562584286580794,0.754066846306901,0.920813523993362,0.261339871077333,0.923179802211933
"400",0.0818210452306084,0.882681669306941,0.866640011382289,0.32898454277264,0.568702491063625,0.255806235737167,0.999645310672
"401",0.95748713923106,0.604541260073893,0.999203054170124,0.0875115969376638,0.262563834914938,0.205336103357375,0.890317110917065
"402",0.270931640613358,0.779963338501286,0.478676865529735,0.207449457609095,0.793087877504993,0.957127672406845,0.0326741270660423
"403",0.925303938080091,0.564035771931056,0.73557865762664,0.423186110559851,0.812829678489361,0.154933549042325,0.985708376825787
"404",0.338581309023313,0.208785797529388,0.553683670205995,0.354418502022512,0.570342818131205,0.135268707228825,0.173490454961546
"405",0.148162108890247,0.46102544528665,0.492644860261586,0.839789159153588,0.55951290843403,0.811569320303388,0.15979277021531
"406",0.962475620180834,0.253393794659059,0.653115694209468,0.64009840404382,0.547839673003182,0.669956593923736,0.328117474286351
"407",0.581700549901463,0.0710068364683539,0.689249842753168,0.841456658584531,0.766322869568132,0.754966480946634,0.395548017975874
"408",0.600178645411972,0.899750229771249,0.542439859483391,0.139531297768466,0.535328613650519,0.557409607636742,0.281194732518401
"409",0.0215509206112474,0.79777238188684,0.289134687189478,0.339543549127877,0.53701976597961,0.983741285469849,0.305209227147512
"410",0.669933593587019,0.972918047709856,0.0610582836922258,0.0683662977921776,0.231774280140642,0.253094761437271,0.453232575397473
"411",0.547027159736026,0.850704241211992,0.0240437357323244,0.15376352507621,0.348459467916749,0.108903835007921,0.624640622107778
"412",0.348976844459772,0.149648181833792,0.952912520468235,0.301574936149176,0.761870254105423,0.945940343393944,0.823596735878848
"413",0.999043648733292,0.856353399479762,0.534412264673505,0.775049625838641,0.823555923953187,0.731439296858851,0.384062093922868
"414",0.19294935699692,0.865112768623512,0.544059826388024,0.25621070900606,0.645201662063599,0.152869482458569,0.674153466547839
"415",0.625174218642991,0.715815238273703,0.254948489150032,0.631980922235176,0.128535145570524,0.869085105270147,0.809828880198766
"416",0.645596517103724,0.282740386770107,0.442322043222841,0.877129462668207,0.132369822212961,0.366250541655812,0.0102805950422771
"417",0.508116100559942,0.302873832329176,0.577477151348721,0.30579462060798,0.814788712785114,0.00144927691668272,0.549354688534513
"418",0.0433913894686848,0.445978977127466,0.0583488923814148,0.6044946865323,0.52165890686959,0.521182943742722,0.226101565297693
"419",0.941761063509155,0.68154346335819,0.881189587982837,0.477378680015914,0.966598068862222,0.544110985465813,0.914650832466316
"420",0.291025912345853,0.903517504802905,0.104562785212416,0.731835512381047,0.0151945993080735,0.208804093168583,0.261143632447813
"421",0.288143742389977,0.347062688061502,0.525093871817458,0.90927526750369,0.794775989708491,0.0360898529067636,0.323365448635537
"422",0.301281916348264,0.993870466023684,0.911596671642736,0.622270831096452,0.202700354652479,0.661586932782084,0.82554197437549
"423",0.794607302890159,0.555580466479529,0.00090007131267339,0.2597949495879,0.673508881686255,0.951929246725049,0.828710804100148
"424",0.173325783557724,0.394004465307575,0.147233970331494,0.286099803632125,0.953581427464727,0.961364101612475,0.00701654288405552
"425",0.108800866651349,0.294915852367412,0.817787909567356,0.92807364654867,0.604270624030847,0.839784173031338,0.235016618637368
"426",0.805148302013986,0.71859111539321,0.159271051205229,0.285213826356456,0.280306369654369,0.986376449377276,0.0155007989904843
"427",0.347345799618401,0.226231657132506,0.651226317561232,0.148088139836211,0.634455452607479,0.277822755228262,0.967790124623571
"428",0.981030046613887,0.254916827319656,0.776479774717241,0.953597719435114,0.821947289264295,0.435549937768839,0.853462659770157
"429",0.573507854955271,0.698985395822674,0.590533560379874,0.836824488685466,0.39666018300131,0.921354074247181,0.670838599788956
"430",0.324853607129771,0.195477897332981,0.784539844472427,0.696322304308414,0.0760212751850486,0.304174337560777,0.413260479561053
"431",0.133027400982101,0.417379464775324,0.704614973736461,0.195385796304792,0.259518644073512,0.530350579177029,0.176484652056359
"432",0.876605545382015,0.733725128754042,0.224806882911827,0.972847121337894,0.265500690669753,0.593572501772083,0.697525436694734
"433",0.920593166144565,0.0204710317160934,0.188806208385155,0.399605825376697,0.697779323107097,0.0859846402788535,0.430189599657431
"434",0.129090883695055,0.312951582940295,0.811845258614048,0.735378252023365,0.737886744144373,0.130572997396812,0.130079719029833
"435",0.101984319738112,0.957800753483083,0.338084777669981,0.835684367330279,0.127215810671914,0.380707621504553,0.889250622830819
"436",0.965658602886368,0.526571992854122,0.463131416797172,0.377766105137765,0.651445975294802,0.511377791848965,0.704201685683802
"437",0.739576545837335,0.743983356181066,0.177190955142956,0.198358978587668,0.691033986216877,0.589483860897366,0.349448074490298
"438",0.72985499427747,0.0370624762456864,0.290995559083764,0.236444215938915,0.708017204892822,0.9011063250429,0.433252093972638
"439",0.606207397610415,0.181338534957729,0.967567767362576,0.710909933349583,0.374997891207691,0.794170082504395,0.691908434013836
"440",0.985881823408883,0.746871912186034,0.914865794895683,0.173030364210717,0.57887054580031,0.0589633670137264,0.202709901883267
"441",0.75037772186473,0.843558345859405,0.677947723397054,0.306535957572982,0.72271006904263,0.9362696562903,0.113861715801992
"442",0.797916732762009,0.769224103440065,0.307216010401491,0.700459000505507,0.96267624144908,0.00860334731452167,0.882562687715515
"443",0.837530593522824,0.989786343013402,0.761776429189369,0.736965222546365,0.626601277660578,0.36317427385971,0.0311899231560528
"444",0.528872164933942,0.229081021648366,0.240476910237223,0.918869046086911,0.012464400050696,0.115752886197995,0.100902998968959
"445",0.872153197865468,0.251493061542977,0.821245663737878,0.347389741959982,0.156960439391434,0.809915112822317,0.920342520324048
"446",0.342362472264562,0.200040108810179,0.259187468939461,0.529483692544512,0.112870909751859,0.882262050710618,0.765987624402158
"447",0.191137378547806,0.0157561184158549,0.360780928831547,0.208065703790169,0.232924192250241,0.76802975291945,0.00928368114866316
"448",0.895573799191974,0.505984781611245,0.872001986780204,0.46753815869661,0.665660722360946,0.191133362766355,0.469580863176379
"449",0.490126358787529,0.354066418800969,0.946369321989361,0.992517978906632,0.839964916521683,0.110054724688642,0.257139596157242
"450",0.113132991748862,0.0745367264812812,0.408798007316887,0.772925331655424,0.0389970146240666,0.907781405926216,0.39228371690819
"451",0.0856182761024684,0.292430489005521,0.571177466667723,0.625878162415233,0.471505306821316,0.486833888212685,0.327224873345811
"452",0.803292227920611,0.783255745233037,0.800472364007495,0.578190352526959,0.123042052353267,0.54915375883691,0.620662094653584
"453",0.452106755086686,0.284211401501205,0.984819367269054,0.4066486271373,0.988426479113754,0.398497337593231,0.51247483287612
"454",0.671932773538865,0.456805807342753,0.601647376722656,0.368466184325051,0.0618106042421423,0.537529115364421,0.214784078579396
"455",0.279771378683392,0.214470093517099,0.181408263637219,0.934401127615944,0.405363640922122,0.353056866523344,0.290416011235677
"456",0.819186213155277,0.87577801491553,0.221544253715314,0.694381293843966,0.33682747292798,0.484912400336936,0.119400408213492
"457",0.0329777414668351,0.431265442068689,0.369573230651673,0.758821960086934,0.840386167276651,0.634100399881601,0.699949131551199
"458",0.653676676118746,0.543177071743179,0.276995862587821,0.732392799430061,0.860753057598602,0.392746700104326,0.219661732616369
"459",0.623826311278157,0.930339358091354,0.186644165504258,0.483798900454771,0.6933686083965,0.346246125871781,0.435895233299118
"460",0.441988552197348,0.489014784503728,0.0700034893094562,0.234127839670982,0.850755005685613,0.141514308399521,0.198381221990567
"461",0.59947221875051,0.981272872988135,0.173150823489763,0.760796873229556,0.137904511069413,0.301446615234017,0.540020687881857
"462",0.00756654202612117,0.631838906941935,0.160516932998784,0.724416415306274,0.350648565608542,0.893460725316778,0.262449671651702
"463",0.861143143598456,0.531777431474999,0.39899973720545,0.50710094530182,0.948148796878289,0.836156596879475,0.283775409625843
"464",0.524385680936277,0.244791647315491,0.767273351825308,0.862042072947603,0.867600688150153,0.0790256441915408,0.111240674535278
"465",0.960399126029573,0.590838137435727,0.842614284473471,0.248125535193365,0.460239130278118,0.750470830234233,0.255125619773753
"466",0.334956695223227,0.619450399219524,0.0320192063911818,0.808282473827712,0.386435339383781,0.85468925658986,0.851432289977092
"467",0.0828196963211521,0.0334307571626268,0.438458336670883,0.349744257558137,0.856564136089757,0.583335817363113,0.273319974973332
"468",0.134500652173534,0.35866918822052,0.523292105489876,0.519845742292702,0.342940775210969,0.38562470508879,0.259967494132463
"469",0.9433562913239,0.422965902839787,0.415903953682631,0.692259500786662,0.896889331152663,0.341460039712954,0.298874360196292
"470",0.732613856368698,0.96806097725546,0.596388411037624,0.27627794257924,0.109780007467605,0.62697215687111,0.397158400498331
"471",0.399157081474084,0.952268191636074,0.123720821309835,0.814888154356275,0.819568086262327,0.66600971195614,0.939315455906559
"472",0.989444650188554,0.462069383535068,0.697664568073116,0.165668609513901,0.932643964396324,0.756534152437933,0.0366645378619432
"473",0.304863787229173,0.288260056923609,0.199462899971753,0.777087331698742,0.0931892993366346,0.90423677011067,0.919314751612022
"474",0.689952943599783,0.744664119768888,0.0512546753510833,0.615626146842726,0.380320834319573,0.720554536879994,0.710485278831329
"475",0.224128019643947,0.454002974883188,0.0276137445890345,0.92572589751659,0.164467634437606,0.799300123781897,0.847391200534534
"476",0.862746589035727,0.329422257439699,0.15450028401101,0.0450051414403133,0.236015026947483,0.578432364093605,0.680926834012847
"477",0.162566970630083,0.678260013952851,0.666373440731783,0.381947049902286,0.797681345057674,0.413493546361104,0.539164519677404
"478",0.466746122222859,0.692335069085937,0.386054977694992,0.099617692030035,0.711179946883582,0.170492951699998,0.700320312381722
"479",0.111437121650204,0.860947987914085,0.635160558680538,0.678893940530252,0.846982596737333,0.680581991407089,0.1797861421532
"480",0.747807908193208,0.552758430446964,0.219808224285021,0.146586379108485,0.477546472600661,0.331222905857954,0.910462093190756
"481",0.514062193500344,0.442516181746032,0.81594434875343,0.00391235012467951,0.660411491729319,0.978523989590351,0.976085642858408
"482",0.631470199775882,0.946362902748864,0.381146911811084,0.365828072534408,0.138041452015284,0.328423333455808,0.398968350862153
"483",0.493606142414734,0.65561488318583,0.594530167280696,0.279412481272593,0.742261357081123,0.438464083247818,0.868417018990032
"484",0.260825259292033,0.470320828932337,0.242283060478978,0.752776811532211,0.808521647692658,0.183247258578893,0.408712929968722
"485",0.455363010057714,0.592252137043048,0.131091007530689,0.298621884426102,0.998370127344504,0.275383030053228,0.153157488907687
"486",0.719695942977909,0.48374547921028,0.425153799089603,0.613617452181876,0.884370852845721,0.0949188353545032,0.561762579471339
"487",0.565754794501234,0.414827590132598,0.244631814718712,0.689028072968125,0.62516373996716,0.272236076782458,0.714727264829446
"488",0.543739141452126,0.05424687052425,0.908685897861607,0.384514371823519,0.205996546826325,0.748824046979658,0.630575251878239
"489",0.79096394305164,0.98692903970601,0.411716589113697,0.360868451841176,0.0818312338660471,0.294322239879519,0.164615676258225
"490",0.0516475587971508,0.278001011791639,0.792502296442166,0.103750130067114,0.0271518868631683,0.00482220480404794,0.644284676739015
"491",0.773234714863822,0.901985039583873,0.593563178485259,0.975640619010199,0.33107644726336,0.369894801574293,0.313640514185186
"492",0.684429360183421,0.827095513279084,0.0891339937713928,0.794046752714552,0.379610308955889,0.120934282603208,0.142620920471381
"493",0.303599365536123,0.0855022948593833,0.294964172747917,0.297662460854277,0.37710433604382,0.289113341042772,0.640680740781128
"494",0.833455325390678,0.943295000679791,0.228406481236219,0.0648832695344463,0.0966128890351392,0.0111609825915657,0.26437296657823
"495",0.64091792191891,0.105515307672322,0.979611015878152,0.829361134375911,0.554586714273784,0.732865755010862,0.962300542822108
"496",0.138186217749026,0.038295901204925,0.213531514358241,0.780680553656537,0.105053582553752,0.339423064799979,0.48449307718128
"497",0.245961594463326,0.517387150220573,0.263173911283258,0.448862312772311,0.094053304749541,0.616743330725003,0.936062482616864
"498",0.784599247517064,0.8038650067579,0.450579670931213,0.224593897710089,0.256511650825385,0.889351672947407,0.361565742047969
"499",0.178697741782293,0.944945696235169,0.549033244329039,0.246532577120699,0.667216460448224,0.629651367976796,0.410587167806923
"500",0.282005255097989,0.379710905622225,0.127545488610398,0.290646400450729,0.250122916009277,0.124830331902951,0.761638072112575
